1736649384364 4.969715324046033e-05 10
1736649454513 4.9394306480920654e-05 20
1736649524265 4.909145972138099e-05 30
1736649592569 4.878861296184131e-05 40
1736649660973 4.848576620230164e-05 50
1736649729590 4.8182919442761965e-05 60
1736649799057 4.788007268322229e-05 70
1736649867430 4.7577225923682616e-05 80
1736649936025 4.727437916414295e-05 90
1736650004374 4.6971532404603275e-05 100
1736650073306 4.66686856450636e-05 110
1736650141666 4.636583888552393e-05 120
1736650210199 4.606299212598425e-05 130
