1736652286505 0.04845548152634767 10
1736652675270 0.09691096305269534 20
1736653064465 0.145366444579043 30
1736655811241 0.19382192610539067 40
1736656202605 0.24227740763173833 50
1736656594475 0.290732889158086 60
1736656984186 0.3391883706844337 70
1736657372268 0.38764385221078135 80
1736657763470 0.436099333737129 90
1736658152872 0.48455481526347666 100
1736658543759 0.5330102967898244 110
1736658933772 0.581465778316172 120
1736659323661 0.6299212598425197 130
1736659711599 0.6783767413688674 140
1736660296317 0.726832222895215 150
1736660684403 0.7752877044215627 160
1736661072164 0.8237431859479104 170
1736661460595 0.872198667474258 180
1736661849725 0.9206541490006057 190
1736662237023 0.9691096305269533 200
1736663005942 0.9981829194427619 206
1736663147108 1.0175651120533011 210
1736663791112 1.0660205935796487 220
1736664177849 1.1144760751059963 230
1736666226015 1.1629315566323442 240
1736666870150 1.2113870381586918 250
1736667259795 1.2598425196850394 260
1736667648087 1.3082980012113872 270
1736668036269 1.3567534827377348 280
1736668425720 1.4052089642640824 290
1736668815042 1.45366444579043 300
1736669204796 1.5021199273167776 310
1736669594671 1.5505754088431254 320
1736669983840 1.5990308903694732 330
1736670373638 1.6474863718958206 340
1736670762514 1.6959418534221684 350
1736671150377 1.744397334948516 360
1736671538770 1.7928528164748636 370
1736671926568 1.8413082980012114 380
1736672314188 1.889763779527559 390
1736675348071 1.9382192610539066 400
1736675735007 1.9866747425802544 410
1736676119855 1.9963658388855239 412
1736676401252 2.0351302241066023 420
1736677505697 2.0835857056329496 430
1736677891196 2.1320411871592975 440
1736678277072 2.1804966686856453 450
1736678662875 2.2289521502119927 460
1736679049207 2.2774076317383405 470
1736679435196 2.3258631132646883 480
1736679820688 2.3743185947910357 490
1736680206227 2.4227740763173835 500
1736680684048 2.471229557843731 510
1736681070058 2.5196850393700787 520
1736681456079 2.5681405208964265 530
1736681841785 2.6165960024227743 540
1736682227632 2.6650514839491217 550
1736682613648 2.7135069654754695 560
1736682999463 2.761962447001817 570
1736683385590 2.8104179285281647 580
1736683771267 2.8588734100545126 590
1736684157506 2.90732889158086 600
1736684543502 2.9557843731072078 610
1736685189818 2.994548758328286 618
1736685190211 2.994548758328286 618
