1736652286505 0.30910059809684753 10
1736652675270 0.2479134351015091 20
1736653064465 0.10296458750963211 30
1736655811241 0.06137444078922272 40
1736656202605 0.07930594682693481 50
1736656594475 0.06127756088972092 60
1736656984186 0.056422583758831024 70
1736657372268 0.05117137357592583 80
1736657763470 0.050345078110694885 90
1736658152872 0.055806152522563934 100
1736658543759 0.04420290142297745 110
1736658933772 0.058908116072416306 120
1736659323661 0.05451609194278717 130
1736659711599 0.06410453468561172 140
1736660296317 0.07223358005285263 150
1736660684403 0.060457948595285416 160
1736661072164 0.0478295274078846 170
1736661460595 0.03451711684465408 180
1736661849725 4.383163928985596 190
1736662237023 0.040448952466249466 200
1736663147108 0.05444232374429703 210
1736663791112 0.032610755413770676 220
1736664177849 0.036552269011735916 230
1736666226015 0.03130239248275757 240
1736666870150 0.03964484483003616 250
1736667259795 0.030800823122262955 260
1736667648087 0.02699287235736847 270
1736668036269 0.032264817506074905 280
1736668425720 0.026689236983656883 290
1736668815042 0.032124124467372894 300
1736669204796 0.03329996392130852 310
1736669594671 0.028528377413749695 320
1736669983840 0.034682177007198334 330
1736670373638 0.03248223662376404 340
1736670762514 0.02656961791217327 350
1736671150377 0.033135440200567245 360
1736671538770 0.02857268787920475 370
1736671926568 0.05040547996759415 380
1736672314188 0.0328061506152153 390
1736675348071 0.039231810718774796 400
1736675735007 0.03728371113538742 410
1736676401252 0.024607786908745766 420
1736677505697 0.037756696343421936 430
1736677891196 0.03851586952805519 440
1736678277072 0.029704364016652107 450
1736678662875 0.02575450763106346 460
1736679049207 0.02166891098022461 470
1736679435196 0.03225624933838844 480
1736679820688 0.032483845949172974 490
1736680206227 0.022201497107744217 500
1736680684048 0.03612785413861275 510
1736681070058 0.03271135315299034 520
1736681456079 0.03744962438941002 530
1736681841785 0.03173437714576721 540
1736682227632 0.026250986382365227 550
1736682613648 0.031488802284002304 560
1736682999463 0.029085718095302582 570
1736683385590 0.04712371900677681 580
1736683771267 0.03180531784892082 590
1736684157506 0.024792449548840523 600
1736684543502 0.021176939830183983 610
