1736652286505 4.9271844660194174e-05 10
1736652675270 4.8462783171521034e-05 20
1736653064465 4.7653721682847894e-05 30
1736655811241 4.684466019417476e-05 40
1736656202605 4.603559870550162e-05 50
1736656594475 4.522653721682848e-05 60
1736656984186 4.441747572815535e-05 70
1736657372268 4.360841423948221e-05 80
1736657763470 4.279935275080906e-05 90
1736658152872 4.199029126213592e-05 100
1736658543759 4.118122977346279e-05 110
1736658933772 4.0372168284789647e-05 120
1736659323661 3.9563106796116506e-05 130
1736659711599 3.8754045307443366e-05 140
1736660296317 3.794498381877023e-05 150
1736660684403 3.7135922330097086e-05 160
1736661072164 3.6326860841423946e-05 170
1736661460595 3.551779935275081e-05 180
1736661849725 3.470873786407767e-05 190
1736662237023 3.389967637540453e-05 200
1736663147108 3.309061488673139e-05 210
1736663791112 3.228155339805826e-05 220
1736664177849 3.147249190938512e-05 230
1736666226015 3.066343042071197e-05 240
1736666870150 2.9854368932038835e-05 250
1736667259795 2.90453074433657e-05 260
1736667648087 2.8236245954692558e-05 270
1736668036269 2.7427184466019418e-05 280
1736668425720 2.6618122977346278e-05 290
1736668815042 2.580906148867314e-05 300
1736669204796 2.5e-05 310
1736669594671 2.4190938511326864e-05 320
1736669983840 2.338187702265372e-05 330
1736670373638 2.2572815533980584e-05 340
1736670762514 2.1763754045307444e-05 350
1736671150377 2.0954692556634307e-05 360
1736671538770 2.0145631067961164e-05 370
1736671926568 1.9336569579288027e-05 380
1736672314188 1.8527508090614887e-05 390
1736675348071 1.771844660194175e-05 400
1736675735007 1.6909385113268607e-05 410
1736676401252 1.610032362459547e-05 420
1736677505697 1.529126213592233e-05 430
1736677891196 1.4482200647249192e-05 440
1736678277072 1.3673139158576053e-05 450
1736678662875 1.2864077669902913e-05 460
1736679049207 1.2055016181229775e-05 470
1736679435196 1.1245954692556634e-05 480
1736679820688 1.0436893203883496e-05 490
1736680206227 9.627831715210356e-06 500
1736680684048 8.818770226537216e-06 510
1736681070058 8.009708737864079e-06 520
1736681456079 7.20064724919094e-06 530
1736681841785 6.3915857605178e-06 540
1736682227632 5.58252427184466e-06 550
1736682613648 4.773462783171521e-06 560
1736682999463 3.964401294498382e-06 570
1736683385590 3.155339805825243e-06 580
1736683771267 2.3462783171521037e-06 590
1736684157506 1.5372168284789644e-06 600
1736684543502 7.281553398058253e-07 610
