1736652286505 1.7694 10
1736652675270 0.1193 20
1736653064465 0.0318 30
1736655811241 0.0227 40
1736656202605 0.021 50
1736656594475 0.0204 60
1736656984186 0.0198 70
1736657372268 0.0193 80
1736657763470 0.0184 90
1736658152872 0.0218 100
1736658543759 0.0172 110
1736658933772 0.0168 120
1736659323661 0.0159 130
1736659711599 0.0145 140
1736660296317 0.0174 150
1736660684403 0.0097 160
1736661072164 0.0106 170
1736661460595 0.0074 180
1736661849725 0.0153 190
1736662237023 0.0071 200
1736663147108 0.0082 210
1736663791112 0.0071 220
1736664177849 0.007 230
1736666226015 0.007 240
1736666870150 0.007 250
1736667259795 0.007 260
1736667648087 0.0068 270
1736668036269 0.0069 280
1736668425720 0.0066 290
1736668815042 0.0068 300
1736669204796 0.0068 310
1736669594671 0.0068 320
1736669983840 0.0067 330
1736670373638 0.0074 340
1736670762514 0.0068 350
1736671150377 0.0066 360
1736671538770 0.0066 370
1736671926568 0.0068 380
1736672314188 0.0067 390
1736675348071 0.0067 400
1736675735007 0.0064 410
1736676401252 0.0066 420
1736677505697 0.0066 430
1736677891196 0.0068 440
1736678277072 0.0068 450
1736678662875 0.0066 460
1736679049207 0.0066 470
1736679435196 0.0064 480
1736679820688 0.0065 490
1736680206227 0.0065 500
1736680684048 0.0066 510
1736681070058 0.0066 520
1736681456079 0.0068 530
1736681841785 0.0067 540
1736682227632 0.0064 550
1736682613648 0.0065 560
1736682999463 0.0065 570
1736683385590 0.0065 580
1736683771267 0.0067 590
1736684157506 0.0065 600
1736684543502 0.0064 610
