1736137645573 0.012106537530266344 10
1736137706802 0.024213075060532687 20
1736137768216 0.03631961259079903 30
1736137829370 0.048426150121065374 40
1736137890374 0.06053268765133172 50
1736137950858 0.07263922518159806 60
1736138011676 0.0847457627118644 70
1736138071983 0.09685230024213075 80
1736138131977 0.1089588377723971 90
1736138192965 0.12106537530266344 100
1736138253813 0.13317191283292978 110
1736138315963 0.14527845036319612 120
1736138377263 0.15738498789346247 130
1736138438747 0.1694915254237288 140
1736138500386 0.18159806295399517 150
1736138561601 0.1937046004842615 160
1736138623035 0.20581113801452786 170
1736138684069 0.2179176755447942 180
1736138744311 0.23002421307506055 190
1736138805233 0.24213075060532688 200
1736138866074 0.2542372881355932 210
1736138926761 0.26634382566585957 220
1736138987335 0.2784503631961259 230
1736139248778 0.29055690072639223 240
1736139309849 0.3026634382566586 250
1736139370569 0.31476997578692495 260
1736139431384 0.3268765133171913 270
1736139492094 0.3389830508474576 280
1736139552424 0.35108958837772397 290
1736139612535 0.36319612590799033 300
1736139672759 0.37530266343825663 310
1736139732964 0.387409200968523 320
1736139793172 0.39951573849878935 330
1736139853946 0.4116222760290557 340
1736139914756 0.423728813559322 350
1736139975178 0.4358353510895884 360
1736140035996 0.44794188861985473 370
1736140096856 0.4600484261501211 380
1736140157798 0.4721549636803874 390
1736140218789 0.48426150121065376 400
1736140279187 0.4963680387409201 410
1736140339630 0.5084745762711864 420
1736140399957 0.5205811138014528 430
1736140460740 0.5326876513317191 440
1736140521398 0.5447941888619855 450
1736140581699 0.5569007263922519 460
1736142780440 0.5690072639225182 470
1736142842321 0.5811138014527845 480
1736142904008 0.5932203389830508 490
1736142965145 0.6053268765133172 500
1736143025950 0.6174334140435835 510
1736143086196 0.6295399515738499 520
1736143146653 0.6416464891041163 530
1736143207304 0.6537530266343826 540
1736143267861 0.6658595641646489 550
1736143328381 0.6779661016949152 560
1736143388665 0.6900726392251816 570
1736143448555 0.7021791767554479 580
1736143508272 0.7142857142857143 590
1736143567990 0.7263922518159807 600
1736143627667 0.738498789346247 610
1736143687551 0.7506053268765133 620
1736143747489 0.7627118644067796 630
1736143807190 0.774818401937046 640
1736143866780 0.7869249394673123 650
1736145513436 0.7990314769975787 660
1736145574001 0.8111380145278451 670
1736145635065 0.8232445520581114 680
1736145695072 0.8353510895883777 690
1736145755150 0.847457627118644 700
1736145815095 0.8595641646489104 710
1736145874840 0.8716707021791767 720
1736145934614 0.8837772397094431 730
1736145994657 0.8958837772397095 740
1736146054848 0.9079903147699758 750
1736146114893 0.9200968523002422 760
1736146946632 0.9322033898305084 770
1736147006773 0.9443099273607748 780
1736147066693 0.9564164648910412 790
1736147127318 0.9685230024213075 800
1736147186988 0.9806295399515739 810
1736147247019 0.9927360774818402 820
1736147482037 1.0 826
1736147539739 1.0 826
