1736137645573 0.9496266841888428 10
1736137706802 0.8549553155899048 20
1736137768216 0.6730453372001648 30
1736137829370 0.32511305809020996 40
1736137890374 0.216951385140419 50
1736137950858 0.2990463674068451 60
1736138011676 0.23300841450691223 70
1736138071983 0.15892508625984192 80
1736138131977 0.16266047954559326 90
1736138192965 0.2445417046546936 100
1736138253813 0.13899609446525574 110
1736138315963 0.13788114488124847 120
1736138377263 0.14574913680553436 130
1736138438747 0.16304510831832886 140
1736138500386 0.21072998642921448 150
1736138561601 0.278685599565506 160
1736138623035 2.3042445182800293 170
1736138684069 0.17663531005382538 180
1736138744311 0.19005447626113892 190
1736138805233 1.203993797302246 200
1736138866074 0.14931720495224 210
1736138926761 0.1532929539680481 220
1736138987335 0.20804746448993683 230
1736139248778 0.15610772371292114 240
1736139309849 0.25374722480773926 250
1736139370569 0.12892071902751923 260
1736139431384 0.20982207357883453 270
1736139492094 0.21560829877853394 280
1736139552424 0.6679350733757019 290
1736139612535 0.17854033410549164 300
1736139672759 0.08692077547311783 310
1736139732964 0.11851777881383896 320
1736139793172 0.08118157833814621 330
1736139853946 0.12490399181842804 340
1736139914756 0.11197984218597412 350
1736139975178 0.2896273732185364 360
1736140035996 0.12981653213500977 370
1736140096856 0.2215263545513153 380
1736140157798 0.15672320127487183 390
1736140218789 0.10945019870996475 400
1736140279187 0.12021007388830185 410
1736140339630 0.14484266936779022 420
1736140399957 0.12616480886936188 430
1736140460740 0.11890227347612381 440
1736140521398 0.11958159506320953 450
1736140581699 0.180186927318573 460
1736142780440 0.0861717239022255 470
1736142842321 0.1503193974494934 480
1736142904008 0.11222295463085175 490
1736142965145 0.08514087647199631 500
1736143025950 0.13128100335597992 510
1736143086196 0.1852617710828781 520
1736143146653 0.13003648817539215 530
1736143207304 0.1084832176566124 540
1736143267861 0.12080374360084534 550
1736143328381 0.14408951997756958 560
1736143388665 0.10708089172840118 570
1736143448555 0.14332044124603271 580
1736143508272 0.10279447585344315 590
1736143567990 0.10372444242238998 600
1736143627667 0.13767097890377045 610
1736143687551 0.08804723620414734 620
1736143747489 0.17137916386127472 630
1736143807190 0.10695599019527435 640
1736143866780 0.14625732600688934 650
1736145513436 0.10241812467575073 660
1736145574001 0.1288752555847168 670
1736145635065 0.11796440929174423 680
1736145695072 0.1365077942609787 690
1736145755150 0.1389426290988922 700
1736145815095 0.123288594186306 710
1736145874840 0.12041792273521423 720
1736145934614 0.09745015949010849 730
1736145994657 0.08183164894580841 740
1736146054848 0.12563268840312958 750
1736146114893 0.1250886768102646 760
1736146946632 0.11773831397294998 770
1736147006773 0.14257027208805084 780
1736147066693 0.1098797544836998 790
1736147127318 0.1251884251832962 800
1736147186988 0.1437695175409317 810
1736147247019 0.1369059979915619 820
