1736137645573 4.963680387409201e-05 10
1736137706802 4.9031476997578695e-05 20
1736137768216 4.842615012106538e-05 30
1736137829370 4.782082324455206e-05 40
1736137890374 4.721549636803874e-05 50
1736137950858 4.6610169491525425e-05 60
1736138011676 4.600484261501211e-05 70
1736138071983 4.539951573849879e-05 80
1736138131977 4.479418886198548e-05 90
1736138192965 4.4188861985472154e-05 100
1736138253813 4.358353510895884e-05 110
1736138315963 4.297820823244552e-05 120
1736138377263 4.2372881355932206e-05 130
1736138438747 4.1767554479418883e-05 140
1736138500386 4.1162227602905574e-05 150
1736138561601 4.055690072639226e-05 160
1736138623035 3.9951573849878936e-05 170
1736138684069 3.934624697336562e-05 180
1736138744311 3.8740920096852304e-05 190
1736138805233 3.813559322033898e-05 200
1736138866074 3.7530266343825665e-05 210
1736138926761 3.6924939467312356e-05 220
1736138987335 3.631961259079903e-05 230
1736139248778 3.571428571428572e-05 240
1736139309849 3.51089588377724e-05 250
1736139370569 3.450363196125908e-05 260
1736139431384 3.389830508474576e-05 270
1736139492094 3.3292978208232446e-05 280
1736139552424 3.268765133171913e-05 290
1736139612535 3.2082324455205814e-05 300
1736139672759 3.14769975786925e-05 310
1736139732964 3.0871670702179176e-05 320
1736139793172 3.026634382566586e-05 330
1736139853946 2.9661016949152544e-05 340
1736139914756 2.9055690072639224e-05 350
1736139975178 2.8450363196125912e-05 360
1736140035996 2.7845036319612596e-05 370
1736140096856 2.7239709443099276e-05 380
1736140157798 2.6634382566585957e-05 390
1736140218789 2.602905569007264e-05 400
1736140279187 2.5423728813559322e-05 410
1736140339630 2.4818401937046006e-05 420
1736140399957 2.421307506053269e-05 430
1736140460740 2.360774818401937e-05 440
1736140521398 2.3002421307506054e-05 450
1736140581699 2.239709443099274e-05 460
1736142780440 2.179176755447942e-05 470
1736142842321 2.1186440677966103e-05 480
1736142904008 2.0581113801452787e-05 490
1736142965145 1.9975786924939468e-05 500
1736143025950 1.9370460048426152e-05 510
1736143086196 1.8765133171912832e-05 520
1736143146653 1.8159806295399516e-05 530
1736143207304 1.75544794188862e-05 540
1736143267861 1.694915254237288e-05 550
1736143328381 1.6343825665859565e-05 560
1736143388665 1.573849878934625e-05 570
1736143448555 1.513317191283293e-05 580
1736143508272 1.4527845036319612e-05 590
1736143567990 1.3922518159806298e-05 600
1736143627667 1.3317191283292979e-05 610
1736143687551 1.2711864406779661e-05 620
1736143747489 1.2106537530266345e-05 630
1736143807190 1.1501210653753027e-05 640
1736143866780 1.089588377723971e-05 650
1736145513436 1.0290556900726394e-05 660
1736145574001 9.685230024213076e-06 670
1736145635065 9.079903147699758e-06 680
1736145695072 8.47457627118644e-06 690
1736145755150 7.869249394673125e-06 700
1736145815095 7.263922518159806e-06 710
1736145874840 6.658595641646489e-06 720
1736145934614 6.0532687651331724e-06 730
1736145994657 5.447941888619855e-06 740
1736146054848 4.842615012106538e-06 750
1736146114893 4.23728813559322e-06 760
1736146946632 3.631961259079903e-06 770
1736147006773 3.0266343825665862e-06 780
1736147066693 2.421307506053269e-06 790
1736147127318 1.8159806295399515e-06 800
1736147186988 1.2106537530266345e-06 810
1736147247019 6.053268765133172e-07 820
