1736137645573 4.1525 10
1736137706802 0.3635 20
1736137768216 0.1172 30
1736137829370 0.0652 40
1736137890374 0.0464 50
1736137950858 0.046 60
1736138011676 0.0445 70
1736138071983 0.0413 80
1736138131977 0.042 90
1736138192965 0.0398 100
1736138253813 0.0381 110
1736138315963 0.0364 120
1736138377263 0.035 130
1736138438747 0.0338 140
1736138500386 0.0336 150
1736138561601 0.0323 160
1736138623035 0.2862 170
1736138684069 0.4218 180
1736138744311 0.0533 190
1736138805233 0.0927 200
1736138866074 0.0279 210
1736138926761 0.0151 220
1736138987335 0.0171 230
1736139248778 0.0173 240
1736139309849 0.0248 250
1736139370569 0.0183 260
1736139431384 0.0233 270
1736139492094 0.0183 280
1736139552424 0.019 290
1736139612535 0.0167 300
1736139672759 0.0142 310
1736139732964 0.015 320
1736139793172 0.0162 330
1736139853946 0.0156 340
1736139914756 0.0141 350
1736139975178 0.0149 360
1736140035996 0.0142 370
1736140096856 0.0151 380
1736140157798 0.017 390
1736140218789 0.0137 400
1736140279187 0.0149 410
1736140339630 0.014 420
1736140399957 0.0145 430
1736140460740 0.0134 440
1736140521398 0.0142 450
1736140581699 0.0141 460
1736142780440 0.0141 470
1736142842321 0.0141 480
1736142904008 0.0142 490
1736142965145 0.0147 500
1736143025950 0.0131 510
1736143086196 0.0152 520
1736143146653 0.0139 530
1736143207304 0.0131 540
1736143267861 0.0139 550
1736143328381 0.0143 560
1736143388665 0.0138 570
1736143448555 0.013 580
1736143508272 0.0135 590
1736143567990 0.0126 600
1736143627667 0.0148 610
1736143687551 0.0123 620
1736143747489 0.0138 630
1736143807190 0.013 640
1736143866780 0.0143 650
1736145513436 0.0138 660
1736145574001 0.0133 670
1736145635065 0.0126 680
1736145695072 0.0134 690
1736145755150 0.0136 700
1736145815095 0.0137 710
1736145874840 0.0135 720
1736145934614 0.0132 730
1736145994657 0.0132 740
1736146054848 0.013 750
1736146114893 0.0131 760
1736146946632 0.0127 770
1736147006773 0.0132 780
1736147066693 0.0131 790
1736147127318 0.0131 800
1736147186988 0.0136 810
1736147247019 0.013 820
